3.899189383004929343e+00
1.608878290581939652e+00
4.327524394301412336e+00
3.408898019596429574e+00
6.671664664603254025e-01
2.249118580701528813e+00
2.348577401119978703e+00
4.295879632191567765e+00
4.359962796232765392e+00
3.498953333242226904e+00
3.390274932961772070e+00
3.898026379689291332e+00
4.862616703427852904e+00
4.935349252707773360e+00
2.998403077262151939e+00
7.095441302496966474e-01
3.967289915347679496e+00
1.420370504173908532e+00
3.498756061959210406e+00
3.814381172061197756e+00
3.800187240764818064e+00
2.627141531472581004e+00
2.451755360641079573e+00
1.391732068515598497e+00
1.392130977785572599e+00
2.776240777986162200e+00
2.567539085739593219e+00
3.218356589256924138e+00
2.483774169645331487e+00
2.568645386921900808e+00
2.597245744720597216e+00
4.174525455431502330e+00
4.407105136787711430e+00
4.489763097709681183e+00
1.573738196752895724e-01
4.614807080281758900e+00
3.165189394234235731e+00
4.776446158764663608e+00
2.644075019329916287e+00
4.650466236494203986e-01
2.430627474503731733e+00
3.300535949906814093e+00
1.616013965050600909e+00
2.203361415496829068e+00
1.175158637232233572e+00
1.282410921567731954e+00
3.329464640138674714e+00
2.001569164305717630e-01
2.747631966868155473e+00
4.272179892868567030e+00
5.601312318811616509e-01
3.794103094630432160e+00
1.929681046096426655e+00
4.168310701987119060e+00
7.990966597954689554e-01
2.985061250576530600e+00
4.673953232030004123e+00
8.362496356415120013e-01
2.985350573571822874e+00
4.521566590637735139e+00
2.601990015953349111e+00
4.412736045701617371e+00
1.775868522149564033e+00
2.517004139326993961e+00
3.112997918850053392e+00
4.994692083013075878e-01
1.091032630841525242e+00
8.131716741552129646e-01
1.659812857003384545e+00
2.261973913429537131e+00
4.989941808474818608e+00
2.328081844736255235e+00
3.550224765422738571e+00
2.539226020996954158e+00
2.794439970853602073e+00
4.584097114685518726e+00
2.521534552185695333e+00
1.465974981193306492e+00
3.697951810914177795e+00
1.305919901729334143e+00
3.376507656288207926e-01
1.607150663718339034e+00
1.342269393653551246e+00
1.478220339026436791e+00
1.984364336757063585e+00
2.232853753130406016e+00
2.859932869234599107e+00
2.356302150395622075e+00
8.256273800431931376e-01
4.018903107735325442e+00
7.274876454520204927e-01
4.392079980185481514e-01
1.907054434389161779e+00
9.002083527207531688e-01
3.745582362741306071e+00
2.299943459950561930e+00
2.476364534899824221e+00
1.642988796251570571e+00
1.162135193659730614e+00
1.274898361408010050e+00
6.560922448094601567e-01
1.159517728065351916e+00
3.227452253927038495e+00
3.269946227579847875e+00
3.232897539506871976e+00
2.828694593967280291e+00
1.633798078267391096e+00
2.691909997060529136e+00
7.794387966434901394e-01
2.786046551879344246e+00
4.056152553007476236e+00
4.087224105424515308e+00
3.297782145956529298e+00
2.658417895415049692e+00
3.430851850201714459e+00
2.153124473885835055e+00
1.822039723630467234e-01
2.597212227087729364e+00
4.877462232375651574e+00
4.307644919246644832e+00
4.800289870007146575e+00
2.434325569713566007e-01
4.922208621051672450e-01
3.423848245692982406e+00
4.287103106550545384e+00
4.733797763058828600e+00
3.659429767020612623e+00
2.209328327377346302e+00
2.715140583725628165e+00
4.337125635389686984e-01
4.367113132714782076e+00
2.265690604626378946e+00
4.076710500241684798e+00
2.139187815136870174e+00
2.126845362336807987e+00
2.620886537366226232e+00
4.319461157938979667e+00
4.344130220996995639e+00
2.489843805014014588e+00
2.490430849930447277e+00
6.232279904710592566e-01
3.243304616796216511e+00
4.711233270501481663e+00
3.329487718688277087e-01
4.342828929608570476e+00
4.870824134311020792e+00
4.931832760065599786e-01
1.152068916185668312e+00
3.731224393250467841e+00
4.146432228130172426e+00
9.713761781070502366e-01
4.481522244642984987e+00
8.201812929163166954e-01
4.323716262344460937e+00
3.429052760975308090e+00
2.190092327309169917e+00
4.599585483278509024e+00
2.698731988712878227e+00
3.677410213238707204e+00
1.825698642760208656e+00
3.038995273402141706e+00
4.344999127964157104e+00
4.048084436658782259e+00
2.261136228616308586e+00
4.119420360473202258e+00
1.186012455053945036e+00
2.790075047248535167e+00
2.713421963812869819e-01
1.687535415944482420e+00
4.225239135518889633e+00
3.564476218995332957e+00
3.005184727890707119e+00
4.535955380140158866e+00
3.239820453287992397e+00
1.282090273086062382e+00
4.499532532390174921e+00
4.306421816177093298e+00
1.207272735910214001e+00
1.803095775277900881e+00
3.403303022058753236e+00
1.350879842963818245e+00
2.212732395747989855e+00
4.279642884344085907e+00
4.911313878719989034e+00
1.478142563286712896e+00
1.230736552501122544e-01
4.009300570716893830e+00
2.387793771079173233e+00
4.038103426185437606e+00
2.239430039692293040e+00
2.322878692606707318e+00
5.148471707134505415e-01
3.243170411458164537e+00
3.474064478944109080e+00
4.231446650678129195e+00
2.868537796300728360e+00
4.317059560152191722e+00
2.392927744090357134e+00
1.404885322220082111e+00
4.651317571919816984e+00
2.541411901155982811e+00
4.657331653192310128e+00
5.821263207772975345e-01
2.907684045573348808e+00
4.352698495947600055e-01
1.346889635770887605e-01
4.333521554479967008e+00
1.759505430815435201e+00
2.787932026421679144e+00
4.528113340979637025e-01
8.805996619148968030e-01
3.368634235884016892e+00
2.586367020588506538e+00
1.445705981640971860e+00
3.466535447927495461e+00
3.320804062191385686e+00
3.032594428722220403e+00
2.711868334631357680e+00
3.058115750093960972e-01
9.796096716557903816e-01
4.862312318203476647e-01
4.177727793524848465e+00
2.638574764580966292e+00
3.651789165432758999e+00
4.146200357666729452e-01
1.360250907523936625e+00
1.604212670538829988e+00
1.071090675779211576e+00
1.295980599595732308e+00
3.608970034240893909e+00
1.839123574072342837e+00
1.365668109635078009e+00
1.289809167614845320e+00
1.046424914065066769e+00
5.441348330567458147e-01
2.895993548141336138e+00
4.035564613179695392e+00
2.445471114575460181e+00
1.257873129794328859e+00
4.875536041295828404e+00
4.105273022980507891e-01
4.335029341302656825e+00
4.157473083222123833e+00
1.153136559466377387e+00
1.417662486429040358e+00
6.761658618887955718e-01
4.338987131417052723e+00
3.162296397536900283e+00
9.306654469817084996e-01
4.259866228023160950e+00
1.251054147033597408e+00
3.203182106205128221e+00
2.284663122845772332e+00
2.542885712562358957e+00
3.148918611651246202e+00
1.133861706705033168e+00
2.313405887655976212e+00
3.417556031263480065e+00
1.563866385064648368e+00
2.814740719887750320e+00
1.879558249063187469e+00
4.807068567205255327e+00
1.401236439199127881e+00
3.734096220576713421e+00
1.499429615192803489e+00
4.870668225555212061e+00
1.078035401973088447e+00
3.113815677737123533e+00
1.475675451025564522e+00
2.574551388723249179e+00
3.422896848406823178e+00
3.013089564290748257e+00
3.580989023477168853e+00
1.397989563442600724e+00
2.315133982960473902e-01
3.669707072227700539e+00
4.814757993842048833e+00
3.391074302023768805e-01
3.987605533949953873e+00
2.838952445252521883e+00
1.919108049272389760e+00
3.701644045460762644e+00
4.461825762050797728e+00
4.702695155090880874e+00
3.347380391649566800e+00
2.989740165583498310e+00
5.926426074318539294e-01
1.059459170355497415e+00
2.665354460414213200e+00
2.053154420186609652e+00
2.590428751248019523e+00
9.167617218792972755e-01
5.689191772824793158e-01
3.492832345505516578e+00
4.497614561437536906e+00
1.955970474672472204e+00
8.776473361124577099e-01
1.469149446396977587e-01
2.524489543511333256e+00
4.513752076978403416e+00
3.376602515917563441e+00
9.100024115704855587e-01
1.891181869071114852e+00
1.106809845943520498e+00
2.287833539023323759e+00
2.761197954060288229e-01
7.029115176434322931e-01
4.281372115161821590e+00
8.928158853286178864e-01
2.273415706712226925e+00
4.927140650332889393e+00
3.727422191240175042e+00
4.949693974223777992e+00
6.042429142521673624e-01
3.478003622185631194e+00
1.023330456903123853e+00
9.012258570433013816e-01
2.833325308073076254e+00
3.256986003008842889e+00
1.761789974635496581e+00
1.254610480687073926e+00
9.141216913960009682e-01
2.277963296297154994e+00
3.592816269456790224e+00
3.900459822286525657e+00
1.745860825041833264e+00
1.038005828471747272e+00
4.198482967139229416e+00
1.934999089347683165e+00
2.910566013137156904e-01
3.412019812499730964e+00
2.175851814370644455e+00
1.990610338469960494e+00
4.328647923634277639e+00
1.809648663274504576e+00
9.250762473328008051e-01
3.844472763004394000e-01
4.198579369321331356e+00
2.975018554837070006e+00
2.174769901014462103e+00
3.364909112009910164e+00
4.173658890580068004e+00
3.018213892394338682e+00
6.350120745178100545e-01
4.562804708524570430e+00
2.344085889181374949e+00
1.847877230061328646e+00
3.104599722367002101e+00
4.477420986729492292e+00
3.179598300839707292e+00
1.142130103071733904e+00
4.567858565974628249e+00
8.412632827623308662e-01
1.685971813027084210e+00
7.215224243199184206e-01
2.036190259290083127e+00
1.894611418027000727e-01
2.398813060435601496e+00
6.438433246764175832e-01
4.915964464611789708e+00
8.082367499905430686e-01
2.759444236470860456e+00
2.920949488947806927e+00
4.749703909299516802e+00
2.394588125547069346e+00
4.166918553601484554e+00
3.967470715520185820e+00
2.517234368196557437e+00
3.333732028942100190e+00
3.559180477879734461e+00
3.582036664169441220e+00
3.293599048274720165e-01
1.587528604130567178e+00
2.089536850786430922e-01
3.190702057386936574e-01
6.555964442843864592e-01
4.021447402422561268e+00
3.053792611245094157e-01
2.154704775726308696e+00
1.197448695715939149e+00
2.358585058208645613e+00
5.883751090986127918e-01
2.042707381224768248e+00
4.230075402738080470e+00
2.057906971063357737e+00
3.394266093745286206e+00
1.069704425981906903e-01
1.805435510537594546e+00
4.557083886905409109e+00
5.330200709802404013e-01
3.675866630039831939e+00
1.918973852414491144e-01
4.352553817358921329e+00
1.662589669297729555e+00
1.412864187625380463e+00
5.101703285897438711e-01
2.586628110495839294e+00
7.699539467554781247e-01
2.943736832341576903e+00
3.479014358807889895e+00
3.289331350303440260e+00
6.441587395486033651e-01
1.152312161391906731e+00
4.959090185318401289e+00
9.708202545048357779e-01
3.674707888107662690e+00
4.456448978637873815e+00
2.147537674585044076e+00
4.437974003330295014e-01
2.157873870222056567e+00
2.382525764836595616e+00
1.765728164991338944e-01
3.707253475364903572e+00
3.362843284599108973e+00
3.734916812418621390e+00
1.112816344211833952e+00
2.281340527232571969e+00
1.213978071224864896e+00
3.516203863878519797e+00
1.056068402924509542e+00
6.530337684967585377e-01
3.960510403784575750e+00
3.845822518593274175e+00
1.975206008588565876e+00
4.486013683940515584e+00
9.815592978818097336e-01
4.153695016106990767e-01
2.291919531602801374e+00
2.488655074271990841e+00
4.024478880772708322e+00
2.274623773666208937e+00
6.683740302408465173e-01
2.119671675613138628e+00
1.743262282734555635e+00
3.784598798525203200e+00
1.867190362806391279e-01
5.405261889251876672e-01
4.065538153199644178e+00
3.511122463821021000e+00
4.301361701974558471e+00
3.424275660731388449e-01
4.490974674544505163e+00
3.660311783081224846e+00
2.029012120103637518e+00
2.911287042155725757e+00
5.297439867779166756e-01
4.517127335899686624e-01
3.642473913038522859e+00
1.010595395228300664e+00
1.864201066143219565e-01
4.522141550563744339e+00
1.717503858826689767e+00
1.209101877553073523e+00
2.309895121620114899e+00
4.412826587506859966e+00
3.600752653337110143e+00
3.871481823527571642e+00
2.116080370536971844e-01
2.532903120681079479e+00
3.861028450385937116e+00
4.925588479400819786e+00
3.879829230342572099e+00
3.411253273344342141e+00
2.664801886761989813e+00
2.773754358072705539e+00
1.405849881439224625e+00
2.562104336999904142e+00
1.841795404765477429e+00
4.374782514118686905e+00
3.427247434598152065e+00
3.299169241442045042e+00
8.670190955501410057e-01
2.565011776520974784e+00
3.459381191388340437e-01
2.950292939052163277e+00
1.453763159108132919e-01
2.340847510486380401e+00
1.850539410163815623e-01
2.958832945305832407e+00
2.181677366074341151e+00
2.510444399168467733e+00
2.091980942419479295e+00
1.096464727658799099e+00
4.287703356044068048e-01
4.961834346726210043e+00
8.862138676825459527e-01
4.736225534681707039e+00
7.183750726749461579e-01
3.029392073527036100e+00
2.455817322828416582e+00
3.713074313881589372e+00
3.237662078610592964e+00
2.970148656802703790e+00
4.650712725989730956e+00
1.159573043050734276e+00
1.429065318422832798e+00
4.221917960598603692e+00
2.579712748141660406e+00
3.646775841358305570e+00
3.869073545082190257e+00
