1.795808694637068603e+00
4.928285359420370604e+00
2.463323786670337245e+00
1.616765671531485982e+00
2.362607072634676175e+00
7.100537400561912627e-01
9.673944260792316507e-01
2.711463783649614712e+00
3.100461605929839770e+00
1.825357684995516427e+00
3.572527810118101943e+00
5.228581548953679103e-01
1.024266100414018332e+00
2.027803793001878851e+00
3.762540329245168458e+00
8.161967663795695049e-01
1.620878824182432343e+00
1.647714980971981769e+00
4.402532562759486900e+00
1.894819211531128533e-01
2.125438581881369693e+00
2.317178451471248568e+00
2.768077068366822324e+00
2.475889396980145207e+00
3.013423462980652889e+00
1.051373067688188501e+00
3.001572403654625187e+00
2.271956099006215979e+00
4.624046677480561307e+00
3.795420737847724713e+00
3.481278781156806001e+00
3.642726540691838544e+00
4.539692164860865908e+00
4.032503229164906777e+00
2.005052683783733247e+00
1.879206183629350990e+00
3.457613768013168887e+00
4.882081072983898373e+00
4.634367855582767204e-01
1.478712668570090649e+00
3.269400920117504938e+00
3.843196201971922132e+00
5.581819165293929741e-01
1.949277450503795306e+00
4.677094175668127241e-01
2.964299965111257262e-01
1.234197864645390830e+00
3.179981233406687480e+00
2.517431491647224018e+00
4.187913639213191042e-01
2.816112389609943811e+00
5.545589455160199188e-01
2.597636545747815440e+00
3.504662175213568709e+00
2.946037916039645488e-01
4.169640821580061996e+00
3.030810099091821641e+00
4.233871244080124718e+00
2.034598080395925823e+00
3.795101634790873923e+00
6.227815200746953384e-01
3.771892992960438562e+00
4.609219383064115050e+00
3.877835146122118104e+00
3.926871666793246174e+00
1.462453025174841326e+00
3.687957338324408418e+00
1.754665879659629946e+00
2.048335034359348050e+00
4.607193800976707720e+00
2.390204524958218002e+00
1.793353610773905649e-01
2.823319222676260232e+00
3.064542322477397662e-01
4.642933079291426068e+00
4.265736606929895203e+00
3.411990850737958159e+00
3.842225796627994683e+00
4.757749090455048346e+00
1.692657781341900813e+00
4.834190786366144188e+00
1.130303301770634317e+00
1.129697380315242583e+00
2.404932622262957231e+00
4.076832054045733678e+00
3.884427180852295880e+00
1.810835157838147635e+00
1.444388739426400337e+00
9.733806861638838459e-01
4.993837006904389142e+00
2.654850397070671608e+00
4.801001550937496809e+00
4.646210004324753839e+00
1.929347788964824062e+00
1.578501696594743597e+00
2.770139402834582043e+00
4.912757269870204446e+00
1.820598894039717086e+00
4.122860857444686111e+00
2.639322930190006300e+00
1.356557448584419623e+00
1.858049395681974136e+00
3.168146814936911859e-01
1.674757322987411035e-01
7.560071357971330785e-01
4.989373907196008595e+00
2.330650409801641398e+00
4.325447991388531754e+00
2.797450669558521064e+00
3.887554291846279098e-01
2.730548056486743036e+00
4.648308104833861698e+00
1.075314406300106995e+00
2.245691893199190381e-01
4.936476126359178096e+00
4.455614686451501605e+00
1.937756586553301963e+00
3.259278116320651453e+00
8.418183859993861873e-01
9.547715848864264387e-01
2.992737161555359737e+00
5.367430790604779123e-01
1.311294231252144504e+00
1.446996309250251800e+00
1.144634156923690638e+00
4.367894911512690825e+00
3.000101518892512864e+00
4.062454139108422346e+00
4.927280454569044066e-01
4.056650278097851725e+00
3.702387194606591159e-01
3.785322571080990794e+00
3.179738152369845583e+00
2.770296210721524321e+00
1.989780537509723279e+00
1.492232321549322949e+00
3.624822779957743268e+00
1.726584123952422223e+00
3.240739969420351141e+00
6.534044108000708340e-01
4.172488646398755385e+00
6.539547765623144882e-01
1.746693557307653855e+00
2.308193105328191219e+00
4.943766473264096462e+00
4.166447560907746706e+00
4.668099055258966068e+00
8.667467174865616242e-01
3.702288438533998693e+00
2.774103850434778140e-01
2.156806257670619953e+00
1.657202122675290434e+00
4.153992552556395879e+00
3.368255032281068484e+00
3.988914358483235389e+00
3.290806699990503237e+00
4.359854511254767750e+00
4.763407206125202187e+00
3.171978602936337488e+00
7.690999959689743815e-01
2.711031327705201832e+00
4.552578997394280513e+00
1.829002901538929748e+00
2.007918164364222768e+00
4.189441987377173326e+00
3.449823612806242945e+00
3.741494334436723079e+00
3.182515959279316409e+00
8.321519479051114887e-01
3.439144036563186901e+00
1.755630753992834636e+00
2.259543430232052064e+00
3.641632655488181047e+00
9.017351489651529439e-01
1.433882572055207971e+00
1.421270946057993978e+00
1.820579250594148268e+00
3.221859616636600254e+00
1.221532600549760872e+00
2.482798861822028247e+00
9.999219711782021403e-01
3.867772465708378071e+00
1.387016110773842126e+00
2.574186033528615525e+00
7.662060589714753123e-01
1.386806438030160571e+00
2.337345259081173410e+00
2.545082552038402390e+00
9.389672937474050629e-01
3.617623716819168500e+00
1.448433542164823340e+00
2.576638476688297708e+00
3.444437544215922298e+00
3.123432007968903079e+00
1.706942650960908470e+00
1.924364740455371869e+00
2.536814277618257396e+00
2.276126231919718634e+00
1.151607455009890257e+00
2.603222742854450544e+00
2.780187643667644704e+00
4.582959667710058582e+00
4.943800540660977738e+00
1.816334907674641119e+00
1.985319349211893680e+00
1.003578557482003586e-01
2.111299566079811174e-01
2.943446608118224450e+00
1.132554488209232962e-01
4.136270406959360102e+00
4.564185839005021617e-01
2.882572292579358209e+00
4.515317697848495904e+00
4.308516640271735199e+00
1.508549584169192048e+00
4.518696595576736641e+00
3.442835859192297399e+00
4.404777687953781218e+00
4.285131914825443644e+00
3.947703687888292734e+00
4.819052695865650549e+00
3.816288986456411347e+00
2.237437418952584522e+00
4.111734131620725208e+00
3.257500309683550199e+00
3.673665587909739738e+00
1.504585373794242731e+00
3.081578547696367743e+00
1.879783903174621074e+00
1.846402515741410344e+00
4.936396444105360715e+00
2.913944906410236513e+00
3.982341525787073788e+00
3.959186213071428817e+00
1.690253014054094782e+00
8.749201751185083920e-01
4.448877289863189866e+00
1.166917911238237293e+00
1.944518626866179045e-01
4.462590694667713187e+00
6.434894734392628823e-01
3.917844478871023828e+00
8.880138142274023316e-01
3.135845919582564090e+00
2.634127423198120876e+00
2.918331754850226889e-01
3.976983528244374178e+00
4.302447827326977503e+00
8.216066140949179752e-01
6.126821798489278104e-01
3.350536305936667958e+00
4.943555139711938828e+00
4.531572776017462445e+00
1.916969707318843197e+00
4.613938500316243640e+00
1.593874609068933079e+00
4.590798941231630792e+00
9.250301885394794921e-01
3.384748621959873027e+00
6.178571925820285360e-01
2.239368923525624222e+00
1.469027119235040590e+00
1.828927131627448466e+00
3.808083838297191104e+00
3.768582925113346249e-01
1.170089190924919809e+00
2.203790712010241570e+00
1.594344366878914343e+00
4.208527550496258485e+00
4.635302097569137025e+00
2.386669105404598756e+00
4.891887087831968017e+00
1.515028353017414953e-01
7.003929468517703372e-01
1.916695798816614005e+00
3.568604464862802583e+00
4.600836061506969443e+00
4.499186850250271874e+00
3.281105315361957153e+00
1.724430220703784267e+00
3.281029745690402954e+00
2.946622244023558324e+00
4.604288965486095009e+00
5.990819598254867318e-01
6.700673905037922706e-01
2.200167105503656906e+00
4.897091077143737259e+00
4.112070890890220376e-01
1.491989454132484738e+00
3.839205254720000626e-01
1.403940360838646262e+00
4.163258884624668532e+00
1.758017950738541391e+00
1.644075831739289395e+00
2.521074180755916050e+00
3.758052258398678624e+00
2.147600775944650930e+00
3.165694157249211660e+00
7.420551327181417189e-01
1.341238880773321318e+00
1.024498440616560035e+00
4.062344440480603502e+00
4.058274936997224636e+00
2.315599178424855076e+00
3.159485552601208891e+00
2.200352773137185913e+00
7.792158642347666309e-01
3.789030121233265547e-01
1.141749231463223824e+00
1.220039508041614429e+00
4.897475918894521385e+00
5.429067665155050681e-01
4.247289787473309985e+00
3.975688009541468837e+00
3.753312168324923537e+00
3.234226810341323866e+00
3.631402713656067593e+00
1.805936366424816919e+00
9.699795702377145279e-01
2.098229942071717424e+00
1.826783126963453574e+00
1.009600954756676661e+00
1.599033270524147898e+00
6.523521067411744978e-01
4.834881778419321208e+00
3.385529567303993570e+00
2.631919967686246142e+00
1.627341658398960389e+00
1.101753102375996773e+00
2.084572582205938218e+00
1.245902375650005611e+00
2.947544927268487491e+00
4.196081489469191794e+00
3.765010326098022997e+00
2.757927352600464399e+00
4.014495508819660330e+00
2.076453166908512671e+00
4.684920221625752390e+00
4.275537886268748977e+00
2.948128384084114373e+00
4.663177121745683884e+00
2.176936389690747653e+00
3.492239298388408297e+00
4.415401629111317838e+00
3.479236664721483407e+00
4.599811997167786437e+00
2.360466088770008852e+00
1.322733991908876305e+00
1.291445611152594930e+00
9.680740580427702469e-01
4.165067147210672616e-01
1.220272238770013118e+00
4.449876350869872432e+00
4.485088742047196320e+00
3.243163511116101461e+00
4.896364797003768032e+00
3.196316972059077166e+00
4.040698801504511550e+00
1.238637968055821936e+00
3.061225570147825259e+00
2.804203979644697142e+00
2.137580307907431809e+00
1.285753358092043497e+00
4.571959878763939500e+00
3.883404602937915229e+00
4.132983726415194736e-01
1.571328753853475035e+00
2.216142707121466771e+00
2.547073702649936155e+00
1.159386944908564754e+00
1.322057446192003605e+00
7.965369809374098775e-01
5.864695344036122693e-01
4.045820384092879252e+00
4.382762747163523542e+00
3.833317466717562016e+00
3.077276115451587746e+00
3.536512496922589843e+00
1.101787823801732680e+00
4.500540620315235607e+00
2.113296514214394684e+00
1.222055584717038901e+00
5.883871166940037867e-01
2.009613505095199759e+00
4.974066796511226407e+00
1.700206454113463828e+00
3.538156054360731329e+00
1.925386801602595233e+00
4.169568948302653233e+00
2.419540464483213693e+00
3.002456404746388419e+00
2.903984502519032951e+00
1.698079684629018482e+00
4.351748661746995595e+00
2.324221467881725012e+00
7.353794157760940031e-01
3.673506120394126606e-01
4.666716660971269803e+00
4.582976248481430481e+00
5.292924325843941791e-01
2.580185666126664668e+00
4.411220940457459605e+00
1.233987602007451667e-01
1.416214740766437385e+00
3.364931556645894162e+00
3.732463446864081824e+00
3.877260067545252209e+00
4.095369956929892474e+00
2.326221342809209780e+00
4.362370177794367088e+00
2.865828222784731594e+00
1.766704401288283988e+00
3.506093806235256682e+00
1.256122350115574715e+00
3.444718420099748268e+00
1.492356648363662552e+00
2.314966431433295835e+00
4.958465210129381795e+00
3.343452233623198655e+00
6.330878742982005702e-01
2.217979917664563594e+00
4.389662588212552841e+00
1.808084528418616665e+00
4.867031396818286559e+00
9.385431585785805053e-01
4.729836190291568876e+00
3.096365353793710362e+00
1.817233045706787564e+00
4.291814138018287927e+00
2.019335491154101714e+00
3.210632084825371990e+00
1.534255267521722477e+00
4.006214133467772776e+00
2.918500173110039508e+00
2.572589773179782213e+00
4.346179690543731766e+00
4.480464106121022638e+00
1.124375541415133517e+00
3.717358048433361706e+00
5.063400201557674007e-01
8.809849917067342773e-01
2.103259248248122493e+00
2.188796822384205587e+00
3.820106019485974169e+00
3.307870870868110380e+00
2.304149937176393159e+00
8.921027656135050998e-01
1.193707945259378178e+00
1.036638988975164155e+00
5.983249717500009890e-01
1.994387408360336122e+00
2.326794781882717267e+00
2.788376531617884790e+00
1.199149363233991794e+00
9.221756341284077507e-01
3.994251939519623207e+00
1.737484181606589462e-01
3.642915428937786970e+00
1.798948746825834721e+00
2.352796958191741616e+00
4.020794207888748417e+00
4.162236151419885566e+00
1.576957683279558875e+00
4.429892043118200284e+00
1.707394596874434178e+00
4.926135253303101535e+00
4.570883314590272306e+00
3.877205049901175649e+00
3.712847940541125880e+00
9.881453730149688530e-01
3.111347877731382106e+00
2.633310965868172371e+00
1.774223927647390342e+00
2.230833936873619194e+00
1.446361783000742252e+00
3.840555281160407564e+00
3.656322409086307346e+00
4.140189490305136388e+00
3.350471421914754444e+00
4.127696036668037749e+00
3.223441939298198999e+00
1.714302546943430983e+00
1.451018409464876147e+00
2.445928358928436186e+00
2.982877779803771556e+00
3.086822994769638395e+00
8.898962002009508376e-01
3.215037005431616635e+00
4.101138112496539812e+00
3.229592605332100685e+00
3.001791813366003314e+00
4.806282351024408150e+00
4.624532243482654792e+00
4.730314468813332063e+00
1.268969907531742214e+00
1.299472648187091961e+00
8.752277270922068642e-01
8.685360527084446947e-01
1.266859121106942709e-01
4.648189505638466557e+00
